84383326663
84394780802
84363484978
84961507223
84395500713
84395458276
84976958335
84865332605
84395271540
84344668743
84383333596
84388978018
84984624428
84339131847
84389218963
84344248392
84365117795
84971613818
84358396305
84983959628
84392359804
84973156751
84973388997
84377060189
84349148345
84979111584
84399058987
84977158301
84376595199
84349729821
84868046557
84925958999
84364177497
84862161104
84347829589
84982538565
84368298621
84988242057
84353381858
84961582768
84981635581
84393008680
84328175830
84964267205
84985296653
84389217246
84973546566
84332664333
84362699870
84339065261
84385582943
84388009241
84397703437
84374849399
84343839276
84979172683
84382298410
84865128584
84359153818
84382885100
84332467816
84339940984
84377795881
84346385706
84977939922
84389203122
84967497451
84969593196
84326812187
84344109902
84372666944
84336823134
84377669065
84342277846
84868485483
84338577163
84387999798
84981392960
84355185181
84946832533
84335636156
84987745896
84973560585
84347593551
84981040882
84862587956
84969647943
84336371039
84961383068
84342419372
84357334896
84327593309
84389549713
84971388171
84353276269
84973431167
84862985296
84368515289
84369539222
84387355822
84977549267
84973661227
84972568417
84398292075
84989844521
84966539320
84975680832
84393021712
84964775933
84972226609
84374562095
84386875149
84345513310
84394167015
84976652592
84352484785
84968232998
84979913061
84979503705
84333747449
84343825085
84369832575
84975118942
84978075845
84869939593
84372589634
84386248046
84978756135
84349452140
84334442205
84326569558
84393743280
84348410099
84986666455
84967933751
84981266816
84395163585
84379435291
84986361985
84987359880
84332820557
84392368555
84976296967
84983337652
84352962644
84339333851
84339196259
84387423573
84369856287
84375640789
84869419120
84343932113
84862451862
84975125975
84986152319
84386491346
84356295674
84962263095
84368339168
84339937361
84368137140
84329259033
84349376782
84382252909
84394733812
84968742723
84982089928
84867090561
84865851091
84971177562
84983549803
84382110210
84384803205
84355643617
84965610389
84387292841
84327914577
84349609988
84399553214
84983914025
84848217999
84987933210
84964729341
84981016607
84989225393
84355966063
84364916714
84986089078
84967118725
84387306551
84962423128
84966754337
84394459905
84943932065
84384329638
84965735273
84983945581
84397551685
84976645248
84376110870
84383163129
84962895404
84347593867
84865904768
84357651584
84982305495
84961197830
84962399315
84982477590
84366836752
84348497104
84367578334
84966299205
84334394557
84333655707
84979254107
84379374126
84345071563
84362935492
84348935894
84867496028
84368669001
84963684552
84367228996
84346677747
84359544946
84394686000
84348684833
84973675080
84378427562
84372373271
841699149826
84385302007
84373412317
84363827681
84347064662
84978574075
84962742669
84866211418
84374463807
84976656326
84385494675
84904119919
84982519285
84356321631
84326311923
84985038018
84395019871
84335800456
84395741254
84384550846
84393219506
84382336855
84988132987
84383408667
84962817063
84965438440
841698468597
84375003324
84385218975
84375896736
84972989159
84961742721
84347249736
84965679288
84346906365
84989798906
84327226380
84333853289
84961531071
84365632228
84364359225
84374017118
84989938078
84399563525
84963267135
84975659092
84984902292
84978468292
84339961993
84976023466
84976139785
84398825558
84924200897
84973062199
84388196567
84356917856
84347899708
84388191758
84356040010
84382987029
84336981240
84969862164
84375334312
84364281568
84965825390
84348307063
84389732497
84388911853
84337186814
84335053456
84365258335
84384158678
84989035117
84345826245
84929383123
84965692837
84987542166
84359710421
84393691561
84363556239
84389113414
84393389729
84398437786
84345768775
84393251678
84976811323
84963324820
84338594666
84393042802
84368500190
84978616398
84962442191
84346903809
84329536508
84369361388
84984206754
84387782392
84335911981
84977517246
84373758962
84961598767
84327115373
84988058397
84972691202
84344573876
84969230261
84393757606
84372471408
84969351677
84395461532
84984005784
84346469186
84983291443
84376067531
84982097845
84338278532
84973780115
84866806385
84974048268
84392483896
84962018593
84974580036
84987343726
84967716084
84963534076
84378356658
84989313361
84364916048
84337287520
84383935663
84869799518
84366908185
84334811567
84333242508
841698425954
84368478809
84334521866
84389710407
84988465815
84962970071
84378378743
84387804206
84967332347
84912000835
84968240699
84382056022
84392520478
84385728672
84369731628
84978539485
84346698030
84986128145
84375657079
84969889608
84866447659
84329653796
84862260496
84964386680
84988726655
84325185211
84981291088
84326469433
84975816995
84965891929
84328785406
84376048140
84981233459
84982918692
84343857172
84981262399
84396169189
84867775788
84362089346
84373143725
84329675756
84356649588
84373723587
84386912013
84961216096
84974317417
84353515429
84974219312
84363363783
84862842270
84363852446
84372155374
84356547604
84354167977
84982223436
84982772384
84971698914
84973248011
84866371628
84353078287
84352325712
84336245657
84965569697
84865059447
84376942350
84334271591
84978268863
84962979193
84375145625
84868823074
84325782009
84961759141
84967995368
84981458583
84988523461
84332638208
84362167512
84356415948
84981311397
84967515664
84354606401
84326623987
84339892096
84372384556
84357527748
84326742532
84964304629
84395629269
84985378206
84346816328
84971375202
84379082976
84862431868
84985771532
84345933147
84357667536
84379081941
84376841405
84979221866
84328654730
84979504026
84971577783
84865461941
84395550397
84358765557
84867666718
84333487692
84963711055
84347132097
84397443980
84355083893
84328327896
84979415730
84989375046
84868133248
84965273284
84328185891
84862384259
84964868993
84977494339
84973825179
84376643990
84989762654
84334285476
84368411546
84399465727
84973341393
84336357487
84344883012
84967352933
84986979962
84976470846
84987954377
84385716515
84396543408
84338348154
84374849254
84375706455
84377839765
84346026131
84375329684
84393420759
84347152704
84326534639
84961107094
84967743624
84988716096
84983874019
84389969067
84982708182
84352237454
84395993162
84354160341
84865185401
84399580413
84368502823
84353322031
84346084027
84356692376
84354718791
84969503222
84988608835
84325372393
84359806698
84982410908
84377233537
84966183882
84397009876
84969281087
84392810762
84976956671
84866162296
84353203195
84377968783
84354915222
84388986498
84972905362
84966241651
84366734631
84328559743
84356322087
84385248682
84397941650
84379828515
84363004688
84398082035
84366907532
84349895819
84386168841
84362564338
84339379578
84981166117
84394479496
84977343267
84327849144
84353480518
84327093729
84975766912
84986617733
84971321125
84326596218
84985663856
84354182898
84327223568
84372015786
84326894707
84399029773
84866973818
84329813008
84387451126
84356950688
84963153580
84862825192
84378169277
84337092983
84979141091
84965780240
84384953480
84982073990
84984797518
84983807301
84985632521
84369915886
84357239816
84397859368
84394154322
84355591583
84343970180
84976555391
84985096293
84923691988
84866659893
84378304715
84978903448
84374146240
84353228500
84333973678
84369411637
84973260045
84389766103
84984533218
84975525449
84973075862
84977627159
84353672821
84989611336
84353219904
84976485864
84925735111
84347639093
84962760161
84394145997
84398281806
84971814796
84364520116
84374502840
84868854589
84962046695
84328705938
84392381113
84386263246
84377563919
84962422144
84386177046
84397581378
84962255604
84394314117
84395638775
84337661450
84987115984
84336218264
84967297374
84354979879
84385776183
84972526457
84349189178
84343488020
84356856576
84971989099
84385640463
84326844796
84988022222
84336169734
84982878132
84968798299
84396503558
84372559233
84987569302
84978883795
84865342586
84977618671
84345105119
84397875009
84343757614
84985163336
84968135896
84395690471
84338077233
84986700232
84336004388
84395853824
84982757365
84978743507
84961656105
84354459361
84358317848
84332971315
84968165335
84392402843
84326320429
84973229385
84353963062
84369670511
84967942291
84385537359
84988719659
84347719665
84865563407
84384872052
84344691320
84348608948
84384110377
84333757356
84344585873
84343843461
84386394109
84336495991
84964291728
84373293898
84869804915
84982034211
84344015324
84965727195
84335935582
84374835435
84376092013
84385018765
84395069655
84367257385
84329461878
84343264613
84345005755
84965588213
84398107992
84967283028
84965101862
84967113363
84393021957
84979240680
84378309518
84983521726
84977506717
84394458813
84969200909
84364232070
84972017529
84359534129
84368112833
84395525286
84376842944
84373843813
84348428979
84963500632
84985457415
84966571396
84985456692
84984126584
84376271793
84332770423
84345464280
84965661909
84387455280
84342876608
84975588628
84977249556
84399538156
84964844060
84966692670
84357967424
84981923836
84352520904
84337684319
84399924655
84988113542
84969042820
84987293136
84978123175
84988476157
84982725394
84354815148
84963843796
84982490312
84327356028
84977694671
84585306999
84358424237
84352361121
84396506311
84976392508
84985141815
84358212289
84975134615
84333041068
84868717150
84379547823
84327025122
84369760562
84865601488
84373737506
84327519546
84971963641
84373546932
84973252832
84395536505
84388917683
84364202842
84342202805
84355206559
84347610244
84345085360
84971425721
84353544188
84358089891
84967644321
84374591575
84989314237
84353439294
84984672888
84326735898
84355110295
84353360621
84362666938
84988688217
84326256748
84862700394
84325983190
84988133701
84974642161
84976429036
84388834958
84355704102
84335848634
84967597500
84376729207
84393190633
84342213049
84961119589
84355684270
84973249487
84394719120
84865043356
84961471495
84981192708
84389520490
84865168358
84338132827
84344742155
84972933071
84972769355
84343984907
84398031876
84356048694
84359774909
84964125288
84349612611
84382007538
84397464358
84332353799
84982458561
84346664091
84334577485
84328800008
84392990744
84348157007
84343217692
84866539225
84336484255
841698712093
84387757935
84329092004
84365095616
84362166636
84971121516
84393603509
84328959348
84975133920
84963555828
84333753586
84961187566
84352600291
84328648206
841697199036
84981755012
84395987776
84357054000
84972869111
84366279962
84869642956
84378143674
84866584356
84399711438
84365471385
84397658323
84868531585
84963610837
84333810558
84326712235
84969695399
84365830787
84347825106
84333357868
84926548875
84343001762
84985793739
84868865219
84973768987
84392396042
84865634357
84377167952
84342770126
84963080898
84973222373
84359831633
84858249420
84969845018
84967116083
84388967720
84375572545
84987890337
84329166462
84977272834
84969418864
84375286259
84976457203
84977416244
84973199635
84969345555
84338002139
84384903032
84357193958
84978601799
84388795121
84969305098
84398994078
84357226865
84988036319
84969296406
84386417390
84348437626
84865812742
84326776712
84395372997
84988909887
84986086931
84395573160
84398161498
84366601038
84966806159
84329652919
84369990385
84356071225
84983675688
84378340388
84982981593
841699015961
84329701546
84977955742
84986366945
84382611433
84326783985
84392188993
84395049975
84981143682
84362537944
84972497041
84399195685
84374356319
84869680397
84354075300
84986846631
84325353317
84325413031
84386744389
84397873779
84396793214
84387601898
84386017067
84869678999
84977149449
84374103770
84349732197
84962272969
84329396831
84961200529
84967545534
84985547799
84354244270
84969569793
84965572864
84346777268
84385266790
84986515191
84964111565
84988982125
84373879663
84973159037
84929518688
84342022999
84967790726
84966479888
84347362011
84339439081
84378865689
84396153945
84368132985
84359414566
84362274306
84976082368
84364389362
84373576499
84989311879
84862121981
84378672356
84976665681
84377360449
84363358288
84372899606
84369806523
84357722528
84965701835
84394641289
84399695591
84976385990
84365896986
84367897880
84374299423
84353127085
84375653359
84373373034
84979811366
84359836968
84969396157
84393082860
84337376238
84384723906
84369223655
84374397591
84967832314
84853372142
84399575040
84943671295
84365274313
84983794570
84397108894
84963026855
84973906596
84972174862
84966398889
84965752431
84399264011
84358897304
84984819164
84386807068
84358376603
84387219554
84336961929
84325959398
84397166425
84976395459
84366603305
84392215514
84384479784
84977251157
84383931993
84398023910
84365757432
84985599690
84377520834
84968914356
84974783355
84349393409
84358181497
84971951896
84353925455
84365455464
84978144569
84333399943
84396412948
84962742825
84985689536
84325118413
84974219052
84397486413
84968221904
84968042767
84353118421
84332563417
84357662483
84334824903
84358643735
84339689683
84392554556
84377381732
84867724629
84988818493
84346359361
84972381091
84985372985
84974189176
84395331288
84366777998
84977663538
84337441656
84373545496
84364781995
84333136170
84326248387
84388699516
84986868552
84976126125
84368256108
84399389106
84369247560
84972988018
84989474977
84343834927
84356846402
84343050661
84356133136
84362839998
84392316324
84389318323
84985372006
84389192700
84392828835
84358643327
84346067803
84984774285
84988432567
84326936127
84375918037
84983516301
84333504967
84344074999
84382850594
84393776285
84983583731
84327149160
84367708121
84395737459
84988771884
84355092316
84336248545
84981283891
84375931452
84374507444
84338719404
84363474761
84364700391
84369987122
84965963087
84967132090
84972022882
84972547983
84362842744
84366932461
84327704563
84344330939
84382387109
84866867388
84988283110
84373626216
84983203959
84336151333
84989977832
84981755937
84394414398
84967275911
84967471083
84867294453
84969306188
84379790927
84866338515
84364863824
84984260726
84338405071
84962256971
84868194961
84968960466
84348887037
84974870440
84333793663
84972211801
84387441496
84343179599
84398694965
84372130006
84989513616
84366321214
84349669792
84329852417
84346826988
84377009896
84345244741
84969462872
84962550412
84399575530
84352975396
84365360698
84378048568
84326190865
84395141950
84363986950
84342718982
84398865453
84971329244
84334953135
84375311390
84365628063
84329298158
84348185395
84372790498
84966960371
84989043806
84965725903
84963723522
84368895100
84332042211
84929998663
84365823775
84986363815
84328646716
84975241319
84365534181
84388640023
84368191301
84963036882
84365370643
84984992160
84984797703
84352262202
84394747197
84865965276
84979660195
84947824365
84342996775
84349277986
84326783339
84336423602
84373414745
84986312567
84385932580
84363974942
84987879972
84397318137
84986295483
84971921080
84394040543
84967212056
84866789483
84388539402
84965074294
84329203411
84348605385
84325785793
84394366998
84869109268
84982466057
84869989941
84335368594
84349492836
84377436404
84968319906
84335573331
84338627249
84983389647
84978675090
84961504198
84352328163
84961173075
84976195917
84374151508
84973324659
84869443097
84337586595
84357478648
84364477615
84379088729
84987035126
84974525838
84335560082
84962293636
84973630717
84396511922
84388438848
84867548189
84325347555
84344953605
84386080862
84363050708
84395651126
84329728029
84399361059
84378076946
84367236096
84384297298
84965857260
84972159344
84384075738
84986841522
84333780352
84979435733
84333641630
84398021365
84968683283
84397034207
84362873103
84988318225
84966328831
84364297175
84395384159
84969272039
84868082194
84961001290
84963569459
84355846981
84338744565
84961093010
84976112856
84349435683
84967855782
84357272167
84978703428
84383292108
84377475429
84985466745
84395835269
84388630962
84356756996
84363663842
84982395099
84343609950
84356158627
84983126278
84357020906
84974747296
84389400232
84982800745
84397286146
84332366214
84392504753
84369165705
84964479255
84398078004
84329593621
84563041837
84354788236
84865364577
84347390102
84377858858
84388917777
84376116205
84394051533
84969809899
84976652956
84974416666
84374503265
84977478641
84384128283
84354116331
84973086972
84355008344
84973202209
84329755229
84368343964
84338852876
84972230364
84981065199
84339702883
84982958744
84367394305
84358912408
84342894590
84962700999
84977522440
84975506586
84332519252
84369822259
84392704280
84346990152
84328386648
84352318432
84375552900
84978491438
84984750397
84366609509
84971920230
84988509287
84964529775
84379268508
84357674873
84982007925
84392943997
84347080693
84385643623
84387470940
84378158232
84971454987
84365454399
84374943031
84363896780
84356806997
84335894630
84962983963
84399056838
84336481165
84981339305
84961456086
84345193500
84368587575
84344816316
84398277431
84962930368
84325213037
84978739826
84385734293
84359078116
84342892694
84357110395
84971139715
84985751777
84335120356
84979828102
84972791623
84335852760
84333976427
84988335652
84982836994
84964518928
84385591503
84393905673
84384768820
84982028661
84378312506
84398044803
84353564969
84965704836
84988211743
84965477195
84336459300
84379906337
84349844164
84328031253
84378077108
84964264249
84352534719
84867357471
84977107789
84354380028
84367925736
84984989346
84962797106
84352682314
84979323553
84982522819
84338159539
84968502696
841698892628
84977124852
84329990323
84762622886
84335132883
84988689561
84382894308
84363397569
84345937231
84333251708
84353963716
84347498321
84369193828
84368965093
84346650411
84363968266
84981649877
84978278530
84975807686
84968328487
84367221773
84356573528
84328022507
84987008641
84365187662
84987072900
84982286079
84862727133
84988246565
84334395536
84344054582
84968769740
84373955615
84866355323
84979199438
84961479956
84961333101
84965070364
84338196695
84987842560
84867090721
84969467645
84334287926
84364096156
84343484670
84332573181
84923136333
84344043833
84976111918
84354041528
84387110343
84394915198
84369735813
84389798260
84345379158
84333355715
84869554033
84977390092
84965384134
84335838804
84378350563
84348990654
84988887207
84982345934
84379734183
84865681164
841698062675
84379109629
84968162645
84345587117
84366383243
84394873803
84345529175
84328903217
84349127494
84982014260
84366835836
84326843768
84398576297
84345169251
84326476996
84974442255
84868852163
84348981210
84353027046
84398535806
84337392828
84963550669
84975436198
84399957239
84965644354
84332083621
84977383691
84358810439
84372302780
84355785318
84967266196
84328095510
84383077210
84888882689
84964942936
84359603046
841698492757
84968958952
84976484005
84399785338
84976191643
84963978440
84984475015
84986910690
84987039549
84986229888
84983595047
84973850556
84367988971
84974524206
84972848360
84981245292
84988856053
84367515555
84964783270
84965332697
84345116684
84924815204
84378254016
84335576436
84376316303
84358797576
84986001959
84384960682
84338962174
84333264814
84962479354
84969022550
84978831907
84344366466
84867115014
84973722606
84395107006
84356107119
84975382162
84362884375
84396580504
84964840880
84852089673
84967422679
84378559068
84394662826
84964787761
84989591852
84343615826
84974920545
84399195603
84373629922
84973972242
84962480184
84394623256
84972721649